$ANSIBLE_VAULT;1.1;AES256
33303538393739636362323130653134653161653538633663663261363965356636613561326439
6134636132396365343233373734373864656633616365640a306162353462626565663833653037
35383836373831663235396364323165323637393237353530386466666139636261313762333038
6332363361393539360a373435326239623037303831353466613734643465306562653031623335
38346633303536353266633639666462626639613631343062653338663565333032353235363036
35333230633636333735396235356562306532306363333438323233333436363034373933373461
31363363306332393935336235663162623165336633396130643936633662363838343439656432
37353263363430333237353263303462646466663736326531326336316164393138366264383036
30316435373261336661656436396366376433373662376266343066366337303533666164383035
64376666343735386138656635363034656464636363643335386662643033343534313433393966
64353432306439633438663636663366363165346432616334633530643231373538653234366535
64353939663137303533623933666438366538633162616230326563393762626439326237376466
33303439376564613430323334383839346464653035363633366433326335306264313934333030
35636635663165653730396634363961633638353835393965313738336562383465346365653161
64656436376131303666386538653931623839653866623038356538653737616431633230383262
32623139643461363037306233656331643865653665366138356233616137366166646432643865
32353531616633306165393235653137343061643434396538333339326531353336376565666563
37633364326138313437356664636463636234356661323665323832356237633536343936306139
34373930623131346362336638366466333933356437643433643232316164303134376534336366
64303435376666376231663431303635363361633236353562656461313738613066336363306162
65343932646330333866386663613439326266633231646534633438663034663139366564646433
33623736363436363437356535313231396633643737636462646635363830653964376261336333
64333538653232316438646663653464653262386564663062626231306439353435383163303130
34356166313032386432
